1.0079
4.0026
6.941
9.0122
10.811
12.0107
14.0067
15.9994
18.9984
20.1797
22.9897
24.305
26.9815
28.0855
30.9738
32.065
35.453
39.948
39.0983
40.078
44.9559
47.867
50.9415
51.9961
54.938
55.845
58.9332
58.6934
63.546
65.39
69.723
72.64
74.9216
78.96
79.904
83.798
85.4678
87.62
88.9059
91.224
92.9064
95.94
98.906
101.97
102.9055
106.42
107.8682
112.411
114.818
118.71
121.76
127.6
126.9045
131.293
132.9055
137.327
138.9055
140.116
140.9077
144.24
146.915
150.36
151.964
157.25
158.9253
162.5
164.9303
167.259
168.9342
173.04
174.967
178.49
180.9479
183.84
186.207
190.23
192.217
195.078
196.9665
200.59
204.3833
207.2
208.9804
208.9824
209.9871
222.0176
223.0197
226.0254
227.0278
232.0381
231.0359
238.0289
237.0482
244.0642
243.0614
247.0703
247.0703
251.0796
252.0829
257.0951
258.0951
259.1009
266.1193
261
262
262
264
269
268
281.1620
272
285.1744
286.1810
287.1904
288.1943
291.2045
294.2104
294.2139