1766
1895
1817
1797
1808
Prehistoric
1772
1774
1886
1898
1807
1755
1825
1824
1669
Prehistoric
1774
1894
1807
1808
1879
1791
1801
1798
1774
Around 3500 B.C.
1739
1751
Prehistoric
1746
1875
1886
Around 1250
1817
1826
1898
1861
1790
1794
1789
1801
1781
1937
1844
1803
1803
Around 3000 B.C.
1817
1863
Around 2100 B.C.
Around 1600 B.C.
1783
1811
1898
1860
1808
1839
1803
1885
1885
1945
1879
1901
1880
1843
1886
1878
1843
1879
1878
1907
1923
1802
1783
1925
1803
1803
Around 1750
Around 3000 B.C.
1500 B.C.
1861
Ancient
Around 1500
1898
1940
1900
1939
1898
1899
1829
1913
1789
1940
1940
1944
1944
1949
1950
1952
1953
1955
1963
1965
1964
1968-1970
1974
1981
1984
1982
1994
1994
1996
2004
1999
2010
2000
2010
2006
